0.001456640625
0.000629405577746
0.000604615382644
0.000780653426245
0.00070646124992
0.000727000868734
0.000637838758562
0.000626233345867
0.000685975892848
0.000662113926032
0.000790648662263
0.000731561384678
0.000654041031128
0.000748892038859
0.00067332127307
0.000686154802832
0.000755256738085
0.000697603812741
0.000705150639887
0.000678914442419
0.000668404896149
0.000770372263049
0.000805626028053
0.000720158457965
0.000740001160573
0.000708220543578
0.000680521619924
0.000761193585553
0.00083788169334
0.000827105932971
0.000750441089354
0.00614272119472
0.000833050671162
0.000908129060097
0.000999797975238
0.000892009756965
0.000918080702466
0.000819810118411
0.000920182802958
0.00100516625083
0.000900481986167
0.000970516663124
0.000954650056745
0.000933369181493
0.000999009622789
0.000874951217273
0.000953725906114
0.00098700776472
0.00095558282041
0.00093610758548
0.00103017906347
0.000916701742886
0.00101879056136
0.0019425913102
0.00152639974581
0.00146464476413
0.00178893880214
0.00227289708843
0.00256860828271
0.00311497245728
0.00333708891121
0.00468282635263
0.0151210593519
0.00644642370201
0.00245971942885
0.00188875410937
0.00117636322723
0.00101983290881
0.000670535328692
0.00106969127675
0.00179269037404
0.00156297823806
0.00133529459009
0.00125427823788
0.00105458584325
0.00122859862098
0.000939134856916
0.00131523859606
0.00144811586545
0.00155576408933
0.00150485269771
0.00205913386547
0.00153626630613
0.00164019380179
0.00325811960188
0.00221934365225
0.00259841076579
0.00390629072869
0.00510589451229
0.00613105536534
0.00788525400122
0.0077661540396
0.0110883980432
0.0185842888624
0.0147162664357
0.0067356834008
0.00347864247137
0.00234857597663
0.000606043547644
0.000593290195919
0.000840579137195
0.00253371414883
0.0015674583505
0.00160862602668
0.000881133861491
0.000511371282782
0.00114070849977
0.000499904568414
0.00104864501342
0.00160261122018
0.00188724983342
0.00173133676775
0.00263920528752
0.00156639593102
0.00150175759962
0.00350572432582
0.00214249731791
0.00270809533222
0.00490421354833
0.00677125889053
0.00916636816517
0.0127208406098
0.010540760578
0.0135404589079
0.0122124480118
0.0171253441771
0.0110981565555
0.00471407173649
0.00368809547973
0.00187476145716
0.00170411252248
0.00071106260448
0.00244394193599
0.00111798257299
0.0018135107507
0.000781392385224
7.31646937838e-05
0.000646334197628
0.000977357117469
0.000125456556671
0.000805003362165
0.00154958308724
0.00156918459443
0.00300449879879
0.00181562075302
0.00142392104811
0.002210603802
0.00186754941869
0.00120305426297
0.00469020004464
0.00709613035512
0.0120475016714
0.0169283427802
0.0108593276456
0.0148027224683
0.0063380552187
0.017033068245
0.0163104263131
0.00816191278002
0.00520220988641
0.00412562135435
0.00228053530558
0.000174871543247
0.00189952503731
0.00116302344541
0.000989063536707
0.00142313223699
0.000824150012434
0.00113377511077
0.0030550998106
0.000855845140652
0.00169870659162
0.00300014343671
0.00354888093118
0.00731515541393
0.00401993885729
0.00140401617691
0.00233340498599
0.00165736282376
0.00125154805042
0.0071601059125
0.0104192201111
0.02254798768
0.0297045617017
0.0146505697803
0.0230541729203
0.00678581950441
0.0203168372829
0.028564492194
0.0171720656288
0.00997051315316
0.011093379888
0.00500762371737
0.00105113275395
0.00314458906013
0.00269067640448
0.000924794194678
0.00301571632598
0.00179684223406
0.00241529401256
0.00583225094862
0.00213491813355
0.00284737683562
0.00364266000083
0.00538961890684
0.010217924443
0.00538839244992
0.00139983581317
0.00385058374859
0.00291389138719
0.00342665862487
0.00528841663627
0.0108354927439
0.0279160897848
0.0316333642103
0.0109402402627
0.0223327514009
0.00939079900315
0.0126768052065
0.0282053655331
0.0218211076915
0.0109259177631
0.0161580722094
0.00592196268581
0.00311769148672
0.00357253555073
0.0035506742355
0.00119054122
0.00332092412236
0.00257208793465
0.00243343172838
0.00602555941216
0.0023744454275
0.0022691932928
0.00174204645303
0.00531504124178
0.00767689028711
0.00369470652461
0.00340168363841
0.00441800146071
0.0037212202433
0.00437022769969
0.00310973313344
0.00685965029063
0.0185319611999
0.0158791443621
0.00540076097831
0.0106374452384
0.00679467853613
0.00502296856327
0.0121871071867
0.0129152335838
0.00622005086859
0.0104446353807
0.00469952615646
0.00290539306718
0.00197040182209
0.00175140029363
0.00109262975496
0.00154379075946
0.00187349581937
0.00157490388265
0.00348592833047
0.00150954055149
0.000215322440667
0.000317666296531
0.0032330696942
0.0040285321611
0.00125161901405
0.00335880491672
0.0027889257173
0.0033548260808
0.00417555463204
0.00469283243718
0.00438242937804
0.0108903903318
0.00636515493481
0.00554243454858
0.00517471722703
0.00554891109004
0.00393479485216
0.00524688234166
0.00939333311746
0.00664143924188
0.00644544885954
0.00464831474396
0.00261469819025
0.000980845427802
0.00135862726254
0.0004821358032
0.000452621504285
0.000619122305396
0.00445071148208
0.0033414750058
0.00301504104253
0.00208781022075
0.00160907647407
0.00598068594305
0.00556368462147
0.000954495693221
0.00456150792421
0.00523364005699
0.00616201116526
0.00781669910281
0.00750822903742
0.00715578802767
0.013931516269
0.00648045873845
0.00965998407597
0.00393905831546
0.00859487313112
0.00660072803383
0.00550143197473
0.0123895463976
0.00860154366245
0.0116580369915
0.00685623943615
0.00520481708781
0.00104052925949
0.00214916369553
0.00132968918311
0.00105264357413
0.00247212920588
0.00415455518139
0.00415442108314
0.00472136481189
0.0025183583324
0.0029867601967
0.00589412169445
0.00469777711037
0.00166387836394
0.00503436993714
0.00519369060476
0.00675584589275
0.00901654663266
0.00793840689348
0.00631937684026
0.0106295610835
0.00447691358994
0.00838555424297
0.00210803840045
0.00805338281769
0.00574527152528
0.00447723816714
0.0074202677518
0.00706107554786
0.0107077799228
0.00724532068538
0.00543051240136
0.00264539649885
0.00235144626687
0.000837093476214
0.00194260550112
0.0022285108913
0.00235435543293
0.00291716687497
0.00345437864733
0.00148017784321
0.00314545045557
0.00252313113511
0.0010027657182
0.00108961588993
0.00273168640409
0.00306951344278
0.00414918229769
0.00626538353186
0.0049105980631
0.00318241140032
0.00423726955068
0.00279665359758
0.00286509219103
0.00324471759305
0.00371261534852
0.00316560359183
0.00263287281538
0.0022174816456
0.00258666336708
0.00492323603734
0.00385012702209
0.00301693740781
0.00184682001325
0.000373352480372
0.000599627346941
0.00118260155336
0.00143435626391
0.000729938853625
0.0017293557251
0.00119427569123
0.000812783676745
0.000913174095774
0.000904792097133
0.000776949982531
0.00121295534945
0.000338991506048
0.00114910499807
0.0018864372755
0.00307267441289
0.0016636775237
0.00134968966743
0.00172931228813
0.00189019175668
0.000306620314314
0.0015684896638
0.000302185717264
0.00186175292581
0.000727181647875
0.00116182840226
0.00165461639787
0.00164166309928
0.00189214729484
0.00196899180386
0.00106229521591
0.00043435459709
0.000962132508935
0.000801760173146
0.000193512891377
0.000841010143582
0.00132149309695
0.00192172152065
0.00125877701909
0.00103063753804
0.000655353947498
0.000838492645575
0.000115243432801
0.000925791822515
0.00146523589421
0.00251711214011
0.00354090125856
0.00150705254304
0.00246339796031
0.0012313535919
0.00254879432613
0.000799249917081
0.00218237889127
0.000465816844096
0.00292637978749
0.00147037291566
0.00106347895089
0.000999010426749
0.00285349338928
0.00323764622705
0.00243695409399
0.00235722768187
0.000281943494239
0.00187007246144
0.00139627519374
0.000605033695188
0.000751173880525
0.0015514530871
0.00247912474226
0.00147449698657
0.00140005247402
0.00121863434274
0.000787500743091
0.000443158496302
0.0011083546601
0.000813034730166
0.00204949188915
0.00278887884674
0.000787906845912
0.00242268479429
0.00118777020175
0.00157592290305
0.000943409343059
0.00187108964023
0.000748576654659
0.00309845039642
0.00114753284495
0.00103550197087
0.00106706515439
0.00179183323612
0.00245692735194
0.00197814119704
0.00252426138725
0.000967833008198
0.00175332642789
0.000878813077287
0.000565535682
0.000483355513039
0.00125466492125
0.00166404044717
0.000752634691828
0.000511499486367
0.00128080065673
0.000544673583016
0.000726144324082
0.00102288502504
0.00033090019614
0.00107607820851
0.00107554920899
0.000362587072351
0.0010374881703
0.000196940581348
0.000457573534022
0.000564132996957
0.00112570534945
0.000459984723819
0.00135810097839
0.00035730125021
0.000288267789133
0.000530984290615
0.000466271213276
0.000938598736075
0.000126146115161
0.00113012923011
0.00114611598559
0.000335845199831
0.000338082790561
0.000213491494338
0.000363502537722
0.000473714303644
0.000509723987259
0.000257392066077
0.000646003918505
0.000495387999294
0.000260111575537
2.79765274216e-05
0.000100134524977
0.000428386522923
0.000839988953321
0.000999516822026
0.000152438859801
0.000259380664856
0.00031221596737
0.000478693382879
0.000620193368184
0.000373418286303
0.000412440241237
0.000244381436723
0.000586679590693
0.000388293361153
0.000404074552418
0.00033251068948
0.000747958617447
0.00109821323279
0.000358966261148
0.000172749386703
0.000713676146526
0.000246157439588
0.000356127141531
0.000418107290168
0.000562423702707
0.000574416260737
0.000497937326599
0.000531269127315
0.00037648627114
0.000628811410519
0.000606956708081
0.000561551371266
0.000250690744508
0.00117362742951
0.00058421318102
0.000552945891124
0.000640794737622
0.00023983701573
0.000243806714793
0.00098034906299
0.000549242076072
0.00119220017953
0.000431531867113
0.000767733467555
8.66247257407e-05
0.00125467146635
0.000447987669049
0.00134516501398
0.000852132114609
0.00081339228416
0.000720554284262
0.00120143365072
0.000579222176987
0.000337364177382
0.000230187842307
0.000755584781624
0.000403896771122
0.000208175244386
0.000147946364538
0.000460417262386
0.00107744103849
0.00121926827472
0.00084015718657
0.000178706393261
0.00067816093477
0.000376261818418
0.000750963042124
0.000366225457988
0.000446776448158
0.000386336453304
0.00046844852774
0.00075833966048
0.000658503994249
0.00056754692699
0.000335801422243
0.000326384402094
0.000690944267933
0.000651351128911
0.000448924618754
0.000345702643572
0.00070386828816
0.000879858611434
0.000762070997917
0.000277414973167
0.000382310628842
0.000345047847186
0.000568185941556
0.000265906077579
0.000343584045903
0.000328504421994
0.000387493646431
0.000600604660339
0.000790151636084
0.000644028760692
0.000316815302382
0.000500667760792
0.00032204774623
0.000526203691239
0.000227670987648
0.000413595487185
0.000376400873063
0.000794532807447
0.000190570663998
0.000295218922376
0.000298199033014
0.000297977359788
0.000191758974958
0.000346640644397
8.88952729971e-05
0.000293868790748
0.000401782259535
0.00025776179906
0.000566109195398
0.000534549650997
0.000201731890787
0.000286896045769
0.000153198374938
0.000465397294977
0.000274165365018
0.000445206226082
0.000388465349346
0.000136208129784
0.000643717617611
0.000499426807115
0.000468066174007
0.000443410848985
0.000612349553303
0.000161992241609
0.000124507714715
0.000204322043958
0.000537997808445
0.000368209186606
0.000564406879543
0.000513502912551
0.000590072182656
0.000348827525085
0.000391131852616
0.000270932686569
0.000121303925362
0.000881557012434
0.00039082006416
0.000876370972975
0.000482951014659
0.000187864773969
0.000231611406206
0.000368259605423
0.000346797576808
0.000565413828501
0.000655881133006
0.00011699654155
0.000181341817403
0.000486355757524
0.00021186511073
0.000408084732232
0.000890069292672
0.000300659826956
0.00038924095204
0.000572532350517
0.000457904517114
0.000282315631255
0.000416493013189
0.000336373680875
0.000346862119676
0.000382452389582
0.000391937465967
0.000853253809803
0.000847158593295
0.000229957208855
0.000781792438616
0.000119328563396
0.000749170267554
0.000844587886476
0.0010300376391
0.000265859540296
0.000593866665391
0.000212463274737
0.00146293161939
0.000761545868036
0.000505982056017
0.000581431929535
0.000676614023463
0.000290536323632
0.000850213825777
0.000394018942354
0.000588145989941
0.000609687395008
0.000514649298925
0.000361840211211
0.000607827081013
0.00054033874984
0.000501951470355
0.000400439736397
0.000106181278847
0.00061220242586
9.55689908885e-05
0.000451379012978
0.00095174481316
0.000385639432787
0.000840584741361
0.000122055302399
0.000237235594041
0.000469394764081
0.000694067108471
0.00054898285607
0.000360118869016
0.000526196330583
0.000405608111639
0.000796068825292
0.00039579358817
0.000767438710706
0.000376503868259
0.000364787889299
0.000273487676373
0.000558294914684
9.41895473128e-05
0.000483508847567
0.000159605025554
0.000615302734721
0.000377649443414
0.000234481281149
0.000438862927667
0.000362763396429
0.000515683031325
0.000381628714824
0.00043443822383
0.000170718751712
0.000452216078644
0.000473492644891
0.000681764095695
0.000572516626446
1.37831730287e-05
0.000922251863738
0.000219566361978
0.000340390883128
0.000197863126081
0.000159489803549
0.000548476097202
0.00062418988418
0.000325564154489
0.00041821058465
0.000230979891817
0.000565408520421
0.000165865554002
0.000278613293269
0.000648651252992
0.000653684954306
0.000364482456521
0.000321901240632
0.000104545125685
0.000258386204442
0.000351594132572
0.000507303054707
0.000434749656775
0.000369250966741
0.000394595948652
0.000264974947343
0.000139390337485
0.000910000121233
0.000311185956822
0.000759248472561
0.000934735845097
0.00056701763867
0.000550075839805
0.000191020694172
0.000673807253512
0.000385875668886
0.000697427939192
0.000175015223847
0.00102716490988
0.000200291126408
9.6749749731e-05
0.000735503615973
0.000221673860866
0.000303761528653
0.000255923040014
0.000404392739574
0.000635646117446
0.000353948428377
0.00027565367258
0.000499577675445
0.00052109949964
0.000380909990411
0.000155245244705
0.00011992540237
0.000276233063476
0.000462754835663
0.00029501489599
0.000162560117521
0.000793148812412
0.000294680880977
0.000970589505653
0.00045458473007
0.000546713789446
0.000490278297356
0.000271596766117
0.000921691767484
0.000490860347555
0.000489482500573
0.000673524545317
0.000605225693451
0.000234592778099
0.000588054282891
0.000711537442301
0.000156090113991
0.000216416850465
0.000785594396321
0.000198388334389
0.000279048517554
0.000377032191658
0.000527621458779
0.000645555837674
0.000321257496745
0.000249163643452
0.000176362660302
0.000356758255316
0.000461623542428
0.000556709333806
0.000578479084382
0.000225434783762
0.000280907230615
5.99231028955e-05
0.000507185305527
0.000306215271648
0.00025079642266
0.00026442525289
0.000686084337628
0.000254738756533
0.00020147499211
0.000126827261022
0.000389441917603
0.000284591761624
0.000379583853741
0.000534825403383
0.000652209399807
0.000469788189727
0.000139655374628
